5.934536,0,2.062225,1
3.541345,0,4.184463,1
6.327478,0,2.752587,0
6.282712,0,2.754578,0
9.634102,0,3.779186,1
-0.9962163,0,6.49621,0
4.914403,0,4.551402,1
5.144033,0,1.346104,0
7.158313,0,4.681829,0
-0.6292701,0,-0.02213204,0
8.546501,0,5.294244,1
0.7156854,0,6.337305,0
2.424378,0,6.839068,0
9.820771,0,6.239429,0
3.355894,0,0.7599561,0
8.195642,0,1.188008,0
7.513819,0,6.623163,0
6.242281,0,3.198207,0
3.386351,0,3.288518,1
2.934372,0,3.295238,1
2.43268,0,4.639414,0
4.950382,0,1.178772,0
6.405085,0,6.865457,0
1.677215,0,7.502218,0
2.490157,0,1.030969,0
9.892852,0,6.674744,0
8.097624,0,7.00411,1
3.514108,0,-0.3393215,0
2.460819,0,4.137027,0
2.322973,0,7.727683,0
6.479141,0,2.135213,0
3.257857,0,-0.1670089,0
6.682469,0,2.794334,0
7.654965,0,7.246798,0
0.2053432,0,4.437914,0
10.70307,0,2.953512,0
10.50661,0,0.03529835,0
10.53188,0,3.685103,0
9.924895,0,-0.7271689,0
3.604553,0,0.7542956,0
5.86857,0,1.857929,1
2.968178,0,-0.9233478,0
2.009249,0,7.654805,0
6.408465,0,7.09516,0
1.017987,0,7.981391,0
6.162257,0,7.790637,0
2.359713,0,2.263895,1
7.530905,0,4.154452,0
5.660723,0,5.48908,0
-0.16155,0,0.2383813,0
3.302001,0,-0.7976434,0
10.1053,0,2.771551,0
7.984322,0,4.423471,0
1.751205,0,5.572103,0
4.631175,0,7.788633,0
2.733584,0,5.319207,0
8.079861,0,-0.9844056,0
5.840065,0,5.990609,0
1.827462,0,6.915697,0
4.281862,0,5.223678,1
9.32069,0,-0.2580549,0
0.1216311,0,-0.6723553,0
7.293623,0,5.7753,1
0.7326756,0,1.855523,1
5.768549,0,5.195138,0
-0.5887537,0,5.858357,0
2.60278,0,0.7013434,0
4.162411,0,2.957987,1
1.980697,0,6.644612,0
-0.2781281,0,6.095016,0
5.664886,0,3.950029,1
1.847895,0,-0.3667251,0
0.9796762,0,4.726531,0
7.391499,0,6.989697,0
1.142036,0,6.34783,0
3.59633,0,3.242469,1
6.424152,0,3.854108,0
10.01794,0,2.575016,0
3.069085,0,7.591084,0
1.24245,0,5.337267,0
3.72818,0,5.012586,0
-0.4722629,0,2.536945,0
-0.03986073,0,1.992846,0
1.339456,0,3.474062,0
10.52379,0,2.980625,0
0.5946684,0,5.800744,0
7.759717,0,-0.07016933,0
10.50137,0,4.214091,0
9.322335,0,7.781817,0
5.920729,0,2.992717,1
2.708599,0,2.945995,1
7.765404,0,7.618285,0
3.981894,0,-0.8609596,0
4.639536,0,0.2700914,0
8.889046,0,2.872266,0
4.251087,0,2.980083,1
2.268978,0,2.038273,1
0.5553665,0,3.839988,1
0.6861625,0,3.584352,1
2.826796,0,5.06811,0
9.295708,0,2.935767,0
0.9610295,0,3.95312,1
0.7716656,0,3.120548,1
4.973803,0,2.784745,1
0.9708786,0,1.976343,1
-0.4802108,0,7.330799,0
6.676777,0,1.701638,0
8.252834,0,-0.06657088,0
5.381793,0,0.9331474,0
3.369711,0,-0.4254944,0
7.216856,0,6.724985,0
10.96449,0,3.67436,0
-0.2202597,0,1.003412,0
4.166903,0,-0.07554448,0
9.097404,0,4.087827,0
1.242381,0,-0.6501337,0
8.530204,0,1.439085,0
6.598395,0,0.8675374,0
7.012897,0,6.321216,0
9.455268,0,7.128863,0
-0.4515591,0,6.670763,0
1.747593,0,1.708405,1
4.391906,0,3.674389,1
4.428923,0,3.71796,1
5.938522,0,6.318776,0
1.486645,0,2.792032,0
1.707413,0,0.3027017,0
5.031723,0,5.907674,1
1.575288,0,0.04919326,0
8.311448,0,1.998526,0
8.508556,0,1.680995,0
9.067115,0,6.67951,0
1.346477,0,7.393715,0
10.77668,0,1.623915,0
4.998461,0,7.42182,0
4.683826,0,1.471474,1
7.151286,0,-0.09011853,0
7.080256,0,0.4465936,1
-0.918963,0,5.90929,0
8.777568,0,0.3730271,1
3.745968,0,5.672658,0
1.677285,0,2.707406,1
6.274174,0,5.68866,0
2.886706,0,1.760544,1
0.2107105,0,7.319166,0
3.267545,0,7.823379,0
-0.09955454,0,1.268735,0
6.655951,0,4.298577,0
7.222483,0,0.4243796,1
6.242147,0,5.555595,0
9.817868,0,3.855187,1
1.675686,0,-0.2854102,0
3.506992,0,7.407185,0
10.3441,0,4.9783,0
2.992216,0,1.126387,0
1.986313,0,5.967658,0
1.237596,0,5.727362,0
10.17821,0,5.726994,0
8.394855,0,4.699213,0
4.194953,0,-0.4024618,0
6.480603,0,3.09035,0
1.687231,0,3.133299,0
-0.5102172,0,1.830321,0
7.477168,0,3.818198,0
8.508752,0,1.906403,0
1.769724,0,2.118434,1
8.706152,0,6.691028,1
10.69066,0,4.022233,0
-0.9437695,0,3.884524,0
-0.6172352,0,1.731396,0
2.818911,0,6.806459,0
3.976712,0,0.7417697,0
10.63305,0,6.003516,0
-0.4494877,0,0.4373454,0
1.858534,0,7.974935,0
2.042543,0,3.372855,0
10.45488,0,1.112543,0
7.778638,0,7.149093,0
10.8077,0,0.3329914,0
2.685899,0,1.453066,1
3.183192,0,2.578923,1
7.633326,0,5.294961,1
0.6719303,0,2.352681,1
8.830853,0,4.777094,0
-0.9372993,0,7.846778,0
5.088135,0,6.598489,0
6.986001,0,1.376003,0
8.253764,0,0.7063173,0
9.022105,0,1.017751,1
1.094685,0,5.434999,0
7.573198,0,1.188237,0
2.00985,0,5.491506,0
7.928183,0,7.112634,0
7.551267,0,0.4769326,0
-0.0517211,0,1.883738,0
8.123478,0,4.28556,0
7.238696,0,3.082494,0
8.376246,0,0.128651,1
0.6488318,0,4.086832,1
10.85133,0,4.711251,0
3.815382,0,6.258921,0
4.035976,0,1.411228,1
1.253708,0,4.184092,1
0.2218127,0,-0.7907759,0
6.382889,0,-0.5025532,0
2.670491,0,5.404404,0
10.49612,0,2.791285,0
1.887952,0,0.3371638,0
2.255622,0,-0.1273336,0
6.161446,0,-0.08836973,0
7.399624,0,0.702353,0
0.2056265,0,0.1025993,1
2.056931,0,0.2979885,0
0.4250283,0,4.860156,0
7.456946,0,3.942668,0
9.44603,0,-0.6842836,0
-0.6148534,0,6.306272,0
7.915568,0,0.3577782,1
1.157959,0,1.847122,1
8.511161,0,6.242891,1
1.044836,0,-0.7023177,0
6.981555,0,3.762237,0
10.85662,0,3.267435,0
9.051526,0,1.844893,1
9.680878,0,5.642372,1
8.480371,0,0.1700568,1
0.577435,0,-0.08404708,0
10.38007,0,-0.5448624,0
1.649593,0,3.789135,0
6.444726,0,1.214505,0
0.3968673,0,1.7977,1
1.291616,0,7.609639,0
0.7041097,0,3.103026,1
0.5659738,0,5.870085,0
-0.8753653,0,4.123086,0
3.083635,0,7.992095,0
2.014473,0,6.176523,0
1.737444,0,2.775199,1
6.510355,0,5.575076,0
3.004115,0,0.1381632,0
3.368149,0,7.886946,0
2.351636,0,-0.9053556,0
-0.1622281,0,4.879022,0
9.242062,0,2.525005,0
9.114356,0,7.66838,0
-0.766027,0,5.188177,0
5.726267,0,-0.2253008,0
6.775544,0,3.308202,0
8.293432,0,5.941276,1
2.479028,0,1.074526,0
2.642865,0,2.549021,1
6.928916,0,2.801362,0
9.232074,0,0.5305661,1
0.01657295,0,6.520535,0
-0.06468725,0,-0.02916694,0
6.266311,0,-0.2902811,0
-0.9875603,0,4.231395,0
8.767135,0,6.165665,1
7.484987,0,3.177823,0
2.3441,0,4.638549,0
6.531641,0,7.235804,0
2.412848,0,-0.5142927,0
10.82043,0,6.58311,0
4.45065,0,2.768254,1
3.683542,0,3.11413,1
0.3373609,0,2.868567,1
2.610554,0,-0.7750345,0
1.683062,0,4.429371,0
9.736633,0,4.631807,1
-0.9774351,0,7.636947,0
4.772997,0,2.684045,1
0.2786312,0,3.165184,1
7.799248,0,-0.8251511,0
4.324215,0,-0.3474851,0
0.2659984,0,0.3876805,1
-0.1343317,0,7.449084,0
9.524143,0,6.21941,0
10.1814,0,2.183065,0
-0.9157128,0,-0.8628533,0
9.345694,0,5.318337,1
-0.05768633,0,-0.1978285,0
10.06221,0,2.165574,0
10.98419,0,6.405935,0
9.766557,0,4.066062,1
3.585427,0,6.102484,0
5.702309,0,3.361639,1
5.438526,0,-0.7588619,0
-0.7201405,0,0.3691947,0
0.9484067,0,2.330199,1
9.294899,0,-0.3506876,0
9.987741,0,4.088844,1
9.78668,0,7.525425,0
2.838856,0,0.7171202,0
4.361963,0,4.506262,1
7.034779,0,6.178713,0
6.869716,0,3.104999,0
5.369114,0,5.41129,0
-0.6497436,0,3.009849,0
3.862592,0,1.767327,1
10.53554,0,2.818629,0
1.985262,0,1.252836,1
1.739754,0,-0.6411902,0
2.879669,0,7.690219,0
-0.9240241,0,6.318079,0
7.230619,0,-0.2699081,0
2.165268,0,1.225123,1
3.280772,0,3.348669,1
7.642289,0,0.5039328,0
3.774828,0,4.756469,1
10.58107,0,3.050629,0
10.3573,0,1.339203,0
2.200896,0,6.956923,0
1.046969,0,-0.8388228,0
6.069914,0,3.571808,1
7.225145,0,-0.08104193,0
0.9610724,0,2.253926,1
9.15607,0,-0.9718733,0
8.781482,0,5.675006,1
3.778696,0,4.58575,1
5.433062,0,6.337316,0
6.984353,0,6.848603,0
8.437283,0,4.667974,0
0.9713807,0,0.6948782,1
0.3208814,0,2.599568,1
8.564147,0,6.357899,1
5.062624,0,2.335164,1
8.590417,0,3.41008,0
10.13245,0,3.142395,0
10.32833,0,5.129786,0
5.348738,0,1.28805,0
6.118856,0,5.214793,0
8.499595,0,7.812463,0
4.017284,0,7.665719,0
-0.371346,0,7.746069,0
3.882477,0,0.7706367,0
9.599427,0,5.103963,1
1.954274,0,4.397694,0
2.553401,0,0.8531028,0
4.181974,0,3.35903,1
1.289501,0,0.2388115,1
2.404488,0,3.35778,0
6.604485,0,7.738105,0
8.361286,0,2.99991,0
5.073247,0,5.939988,0
0.611115,0,4.763102,0
0.3059082,0,-0.3668935,0
5.129051,0,3.224321,1
9.876184,0,6.936851,0
9.661668,0,1.87388,1
-0.5936074,0,-0.2345104,0
6.101087,0,3.144363,1
3.594473,0,6.892874,0
7.378818,0,4.555206,0
1.168002,0,7.935569,0
-0.3606715,0,2.077852,0
3.300386,0,6.4487,0
8.265793,0,4.641005,0
3.622836,0,1.679194,1
5.38331,0,-0.8042996,0
8.285769,0,2.861451,0
0.1510267,0,1.514052,1
2.860664,0,1.357336,1
5.561236,0,5.092789,0
0.7622943,0,5.07547,0
1.763056,0,3.15303,0
1.909449,0,0.07456589,0
1.781598,0,7.221946,0
9.352809,0,3.741526,0
-0.8997526,0,-0.1293614,0
0.06173849,0,6.28071,0
8.453778,0,6.380788,1
7.85434,0,5.935991,1
0.7328758,0,0.224746,1
6.809463,0,0.8443459,0
1.885688,0,0.471565,0
4.39043,0,3.300671,1
4.93779,0,6.937292,0
9.423513,0,6.389611,0
6.15294,0,5.73276,0
4.994276,0,7.491029,0
2.477756,0,6.241496,0
8.550838,0,0.6070745,1
9.402836,0,1.972146,1
10.78166,0,4.357152,0
0.3512268,0,4.266587,0
5.11852,0,7.372458,0
2.276351,0,4.879732,0
8.378449,0,3.294182,0
6.803725,0,7.695977,0
4.913168,0,-0.9910296,0
8.438903,0,6.314032,1
8.981435,0,0.2592832,1
2.767559,0,0.5701276,0
10.92182,0,5.087379,0
6.893335,0,6.17633,0
2.854015,0,7.476159,0
10.93245,0,0.08266079,0
3.82591,0,4.534675,1
2.668462,0,2.363775,1
4.773142,0,-0.6066294,0
3.954676,0,5.894396,0
-0.2452149,0,4.686872,0
8.85897,0,4.263907,0
-0.7885504,0,6.743809,0
8.487511,0,7.038642,1
1.565923,0,7.604502,0
7.454264,0,-0.49279,0
4.997616,0,2.567799,1
7.130319,0,-0.9766852,0
0.32411,0,2.841238,1
6.394273,0,7.636236,0
1.847688,0,0.3390177,0
8.723318,0,1.421659,0
10.86967,0,6.943345,0
3.292166,0,3.311372,1
2.251467,0,-0.8345678,0
6.967911,0,1.187722,0
6.412197,0,7.957644,0
0.2683544,0,1.195764,1
8.21419,0,3.718799,0
-0.4639788,0,7.008044,0
7.268276,0,6.901572,0
7.484053,0,4.863244,0
9.271522,0,4.00668,0
8.636071,0,5.221699,1
10.55119,0,2.34342,0
2.829171,0,4.731893,0
5.461774,0,7.202981,0
1.590493,0,1.358988,1
6.561497,0,-0.491333,0
2.841501,0,0.9581585,0
9.97778,0,5.076475,1
6.496018,0,-0.5606595,0
5.319656,0,7.21388,0
7.40291,0,3.087577,0
6.175278,0,7.342794,0
6.074493,0,5.583336,0
10.12782,0,5.171051,0
3.702307,0,2.524461,1
3.527119,0,5.147299,0
4.637428,0,2.170394,1
6.946428,0,2.643681,0
6.518677,0,3.233637,0
0.9836001,0,7.769047,0
2.470024,0,5.271512,0
-0.3210278,0,-0.4458159,0
10.77368,0,7.646358,0
0.8108974,0,0.3995992,1
8.544993,0,-0.8709192,0
-0.684382,0,6.292247,0
6.973083,0,-0.5102329,0
1.72395,0,4.226212,0
7.016163,0,1.613232,0
3.919548,0,2.308861,1
7.921731,0,6.904774,1
6.568702,0,5.175741,1
4.016461,0,5.89705,0
2.07626,0,0.07102108,0
2.033596,0,7.024643,0
9.082726,0,6.596745,0
7.195344,0,6.280014,0
1.912164,0,5.777317,0
3.881498,0,0.8829526,0
3.118174,0,-0.1892712,0
2.760712,0,7.757158,0
6.12722,0,4.149155,1
3.706136,0,-0.70188,0
1.679634,0,-0.2289014,0
3.809671,0,1.127952,0
10.85344,0,-0.7632017,0
8.198521,0,3.932464,0
2.826957,0,6.237566,0
2.121656,0,7.959329,0
8.874031,0,7.989779,0
8.968801,0,-0.5184823,0
9.769924,0,5.912179,1
-0.964838,0,4.219177,0
0.1386414,0,5.595908,0
0.8655357,0,5.634243,0
5.243656,0,-0.9419495,0
5.267466,0,0.693639,0
-0.194499,0,4.217371,0
8.403286,0,2.966322,0
9.402402,0,1.573137,1
0.1756659,0,0.3222979,1
4.317365,0,6.125152,0
1.886944,0,7.678097,0
1.996891,0,1.814145,1
-0.1350212,0,6.394413,0
9.993472,0,4.422816,1
8.173186,0,4.943019,0
2.025547,0,-0.3236842,0
10.12008,0,5.531781,0
6.233574,0,2.047971,1
4.030951,0,0.3077389,0
10.82607,0,2.168118,0
-0.2611208,0,3.670053,0
-0.9015107,0,2.051278,0
9.756326,0,0.4144661,1
10.29978,0,-0.5386622,0
